4294967279,95
4294967279,323
4294967279,342
4294967278,348
4294967279,93
4294967279,84
4294967279,343
4294967279,311
4294967279,535
4294967279,532
4294967279,356
4294967279,204
4294967278,202
4294967278,201
4294967279,199
4294967278,324
4294967278,428
4294967279,194
4294967278,427
4294967278,188
243,5
243,4
243,3
243,2
243,1
4294967278,183
4294967278,353
4294967279,177
242,5
242,4
242,3
242,2
242,1
4294967279,317
4294967294,1415
4294967294,399
4294967294,183
4294967294,405
4294967294,453
4294967279,310
4294967278,387
4294967278,167
4294967278,426
4294967278,165
241,6
4294967279,163
4294967279,162
4294967278,160
4294967278,158
4294967278,157
241,5
241,4
241,3
241,2
241,1
4294967279,153
4294967278,153
4294967279,151
4294967278,151
4294967278,295
239,7
4294967279,299
4294967279,288
4294967279,143
4294967278,425
4294967278,88
239,6
239,5
239,4
239,3
239,2
239,1
4294967278,137
4294967279,272
4294967278,402
4294967279,270
4294967279,264
4294967279,258
4294967294,437
4294967278,279
4294967279,255
4294967279,253
4294967278,401
4294967278,332
4294967278,369
4294967279,548
4294967279,518
4294967278,424
4294967279,244
4294967278,229
4294967279,226
4294967278,392
4294967278,223
232,6
4294967294,420
4294967294,407
4294967294,444
4294967294,919
4294967294,113
4294967294,451
4294967294,397
4294967294,454
232,5
232,4
232,3
232,2
232,1
4294967278,212
231,5
4294967278,207
231,4
231,3
231,2
231,1
4294967278,206
4294967279,206
4294967278,205
4294967278,325
230,5
230,4
230,3
230,2
230,1
4294967279,542
4294967279,572
4294967294,910
4294967294,162
4294967278,194
4294967278,193
229,5
229,4
229,3
229,2
229,1
4294967279,187
4294967279,185
4294967279,181
227,4
227,3
227,2
227,1
4294967294,468
4294967278,423
4294967278,349
4294967279,534
4294967278,351
4294967278,347
4294967279,308
4294967279,321
4294967278,343
4294967278,314
4294967278,400
4294967278,239
4294967278,231
4294967278,367
4294967278,393
4294967279,517
4294967279,559
4294967279,327
4294967279,558
4294967278,311
4294967279,155
4294967279,567
4294967279,152
4294967279,147
4294967278,145
4294967278,29
226,5
226,4
226,2
226,1
4294967278,290
4294967294,12
4294967279,268
4294967278,274
4294967279,280
4294967278,269
225,5
4294967279,277
225,4
4294967278,270
225,3
225,2
225,1
4294967279,265
4294967279,263
4294967278,267
4294967279,355
224,6
4294967294,396
4294967294,395
4294967294,385
4294967294,414
4294967294,169
4294967294,460
4294967279,354
224,5
224,4
224,3
224,2
224,1
4294967294,166
4294967294,165
4294967279,353
222,7
4294967279,232
4294967279,174
4294967278,330
4294967278,398
4294967279,233
4294967278,230
222,6
222,5
222,4
222,3
222,2
222,1
4294967279,352
4294967278,219
4294967279,351
4294967294,901
4294967294,899
4294967294,914
4294967294,161
4294967279,200
4294967279,197
4294967278,195
4294967294,1419
4294967279,540
4294967278,422
4294967279,313
4294967279,312
4294967278,376
4294967278,181
4294967278,178
4294967278,175
4294967279,175
4294967278,172
215,6
4294967279,168
215,5
4294967278,166
215,4
4294967279,165
215,3
215,2
215,1
4294967278,164
4294967279,164
4294967278,163
4294967279,161
4294967278,162
4294967279,326
4294967278,161
214,5
4294967279,160
4294967278,159
4294967279,159
214,4
214,3
214,2
214,1
4294967278,297
4294967294,116
4294967294,450
4294967294,461
4294967278,373
4294967278,152
213,5
213,4
213,3
213,2
213,1
4294967279,300
4294967278,309
4294967279,144
212,5
212,4
212,3
212,2
212,1
4294967278,139
4294967278,138
4294967279,134
4294967278,288
210,4
4294967279,282
210,3
210,2
210,1
4294967279,266
4294967278,287
4294967279,530
4294967279,295
4294967278,272
4294967279,554
4294967278,394
4294967279,529
4294967278,261
4294967278,338
4294967278,252
4294967278,294
4294967279,329
4294967279,234
4294967279,331
4294967279,341
4294967279,284
4294967279,283
4294967279,330
4294967278,421
4294967279,252
4294967279,549
4294967278,253
4294967279,249
4294967278,250
4294967278,248
4294967279,527
4294967278,238
4294967278,233
4294967279,338
4294967279,228
209,5
209,4
209,2
209,1
4294967279,218
4294967294,1413
4294967294,401
4294967294,916
4294967294,170
4294967294,185
4294967278,389
4294967279,209
4294967278,208
208,5
208,4
208,3
208,2
208,1
4294967278,420
4294967278,323
4294967279,198
207,6
4294967278,388
4294967278,356
4294967278,326
207,5
207,4
207,3
207,2
207,1
4294967278,186
4294967278,395
4294967279,340
4294967279,570
205,7
4294967278,177
4294967279,176
4294967278,316
205,6
205,5
4294967279,170
205,4
4294967278,169
205,3
205,2
205,1
4294967279,169
4294967278,304
4294967278,419
4294967279,166
4294967279,307
4294967294,167
4294967294,418
4294967294,463
4294967294,408
4294967294,164
4294967278,296
4294967278,144
4294967279,142
4294967294,917
4294967294,907
4294967278,306
4294967279,138
4294967279,350
4294967278,289
4294967278,133
4294967278,303
4294967279,262
4294967278,281
4294967279,339
198,6
4294967278,285
4294967279,335
198,5
198,4
198,3
198,2
198,1
197,5
4294967278,334
4294967279,562
197,4
197,3
197,2
197,1
4294967294,392
196,5
196,4
196,3
196,2
196,1
195,5
195,4
195,3
195,2
195,1
4294967278,418
4294967279,224
4294967278,397
4294967279,221
4294967279,215
4294967279,515
4294967279,212
4294967279,211
193,4
193,3
193,2
193,1
4294967279,210
4294967278,209
4294967279,574
4294967278,380
4294967279,545
4294967278,417
4294967278,396
4294967279,560
4294967278,359
4294967278,358
4294967279,573
4294967294,472
4294967279,513
4294967294,89
4294967294,902
4294967294,966
4294967294,964
4294967294,900
4294967294,898
4294967278,416
4294967278,415
4294967278,391
4294967294,413
4294967294,398
4294967294,406
4294967294,191
4294967279,543
4294967278,196
4294967279,315
4294967278,354
4294967279,557
4294967279,539
4294967278,174
4294967278,317
4294967278,350
4294967278,58
4294967278,57
4294967278,56
4294967278,55
4294967278,54
4294967278,52
4294967278,313
4294967278,50
4294967278,49
4294967278,48
4294967278,47
4294967278,45
4294967278,44
4294967278,310
4294967278,42
4294967278,40
4294967278,39
4294967278,38
4294967278,37
4294967278,35
4294967278,307
4294967278,34
4294967278,260
4294967278,31
4294967279,81
4294967279,324
4294967279,80
4294967279,78
4294967279,77
4294967279,76
4294967279,75
4294967279,73
4294967279,70
4294967279,67
4294967279,66
4294967279,65
4294967279,60
4294967279,59
4294967279,58
4294967279,309
4294967279,56
4294967279,50
4294967279,305
4294967279,325
